{
    "comm_world_size": 1,
    "context": {
        "chemical_formula": "NiO",
        "config": {
            "control": {
                "beta_chunk_size": 256,
                "cyclic_block_size": 16,
                "fft_mode": "parallel",
                "gen_evp_solver_name": "lapack",
                "gvec_chunk_size": 500000,
                "mpi_grid_dims": [
                    1,
                    1
                ],
                "num_bands_to_print": 10,
                "ortho_rf": false,
                "output": "stdout:",
                "print_forces": false,
                "print_neighbors": false,
                "print_stress": false,
                "processing_unit": "cpu",
                "reduce_gvec": true,
                "rmt_max": 2.2,
                "spglib_tolerance": 1e-06,
                "std_evp_solver_name": "lapack",
                "use_second_variation": true,
                "verbosity": 2,
                "verification": 0
            },
            "hubbard": {
                "constrained_hubbard_beta_mixing": 0.4,
                "constrained_hubbard_calculation": true,
                "constrained_hubbard_error": 1e-06,
                "constrained_hubbard_max_iteration": 15,
                "constrained_hubbard_strength": 1.0,
                "constraint_method": "occupation",
                "full_orthogonalization": true,
                "local": [
                    {
                        "U": 6,
                        "atom_type": "Ni",
                        "l": 2,
                        "n": 3,
                        "total_initial_occupancy": 8
                    }
                ],
                "local_constraint": [
                    {
                        "atom_index": 0,
                        "constrained_occupancy": [
                            [
                                [
                                    0.9844772394506213,
                                    0.0033761974439078446,
                                    0.001298173410650568,
                                    -0.11393263837006834,
                                    -0.047833820722961204
                                ],
                                [
                                    0.0033761974439078446,
                                    0.9992656777031389,
                                    -0.0002823524679677068,
                                    0.024780327005565622,
                                    0.010403846837904641
                                ],
                                [
                                    0.001298173410650568,
                                    -0.0002823524679677068,
                                    0.9998914333440397,
                                    0.009528222848429843,
                                    0.004000357668009239
                                ],
                                [
                                    -0.11393263837006834,
                                    0.024780327005565622,
                                    0.009528222848429843,
                                    0.16376690572063435,
                                    -0.35108661123461593
                                ],
                                [
                                    -0.047833820722961204,
                                    0.010403846837904641,
                                    0.004000357668009239,
                                    -0.35108661123461593,
                                    0.8525987437815664
                                ]
                            ],
                            [
                                [
                                    0.9999999999999999,
                                    6.573317056229983e-17,
                                    -2.3198491241167815e-17,
                                    7.936212068257761e-18,
                                    -8.293567740407401e-18
                                ],
                                [
                                    6.573317056229983e-17,
                                    1.0,
                                    3.99116502031857e-17,
                                    7.098631440358264e-17,
                                    -5.4507034965138266e-17
                                ],
                                [
                                    -2.3198491241167815e-17,
                                    3.99116502031857e-17,
                                    1.0,
                                    -4.100637595794376e-17,
                                    4.111498836651851e-17
                                ],
                                [
                                    7.936212068257761e-18,
                                    7.098631440358264e-17,
                                    -4.100637595794376e-17,
                                    1.0,
                                    -3.2612355718465296e-18
                                ],
                                [
                                    -8.293567740407401e-18,
                                    -5.4507034965138266e-17,
                                    4.111498836651851e-17,
                                    -3.2612355718465296e-18,
                                    0.9999999999999999
                                ]
                            ]
                        ],
                        "l": 2,
                        "n": 3
                    }
                ],
                "nonlocal": [],
                "normalize": false,
                "orthogonalize": false,
                "simplified": false
            },
            "iterative_solver": {
                "converge_by_energy": 1,
                "early_restart": 0.5,
                "empty_states_tolerance": 1e-05,
                "energy_tolerance": 0.01,
                "extra_ortho": false,
                "init_eval_old": true,
                "init_subspace": "lcao",
                "locking": true,
                "min_num_res": 0,
                "num_singular": -1,
                "num_steps": 20,
                "relative_tolerance": 0,
                "residual_tolerance": 1e-06,
                "subspace_size": 2,
                "type": "davidson"
            },
            "locked": true,
            "mixer": {
                "beta": 0.7,
                "beta0": 0.15,
                "beta_scaling_factor": 1.0,
                "linear_mix_rms_tol": 1000000.0,
                "max_history": 8,
                "type": "anderson",
                "use_hartree": true
            },
            "nlcg": {
                "T": 300.0,
                "kappa": 0.3,
                "maxiter": 300,
                "processing_unit": "",
                "restart": 10,
                "tau": 0.1,
                "tol": 1e-09
            },
            "parameters": {
                "auto_rmt": 1,
                "aw_cutoff": 0.0,
                "core_relativity": "dirac",
                "density_tol": 1e-06,
                "electronic_structure_method": "pseudopotential",
                "energy_tol": 1e-06,
                "extra_charge": 0,
                "gamma_point": false,
                "gk_cutoff": 7.0710678118654755,
                "hubbard_correction": true,
                "lmax_apw": -1,
                "lmax_pot": -1,
                "lmax_rho": -1,
                "molecule": false,
                "ngridk": [
                    2,
                    2,
                    2
                ],
                "nn_radius": -1,
                "num_bands": 22,
                "num_dft_iter": 100,
                "num_fv_states": -1,
                "num_mag_dims": 1,
                "precision_gs": "auto",
                "precision_hs": "fp64",
                "precision_wf": "fp64",
                "pw_cutoff": 20.0,
                "reduce_aux_bf": 0,
                "shiftk": [
                    0,
                    0,
                    0
                ],
                "smearing": "gaussian",
                "smearing_width": 0.001,
                "so_correction": false,
                "use_ibz": true,
                "use_scf_correction": true,
                "use_symmetry": true,
                "valence_relativity": "zora",
                "vk": [],
                "xc_dens_tre": -1,
                "xc_functionals": [
                    "XC_GGA_X_PBE_SOL",
                    "XC_GGA_C_PBE_SOL"
                ]
            },
            "settings": {
                "always_update_wf": true,
                "auto_enu_tol": 0,
                "fft_grid_size": [
                    60,
                    60,
                    60
                ],
                "fp32_to_fp64_rms": 0,
                "itsol_tol_min": 1e-13,
                "itsol_tol_ratio": 0,
                "itsol_tol_scale": [
                    0.1,
                    0.5
                ],
                "min_occupancy": 1e-14,
                "mixer_rms_min": 1e-16,
                "nprii_aug": 20,
                "nprii_beta": 20,
                "nprii_rho_core": 20,
                "nprii_vloc": 200,
                "radial_grid": "exponential, 1.0",
                "sht_coverage": 0
            },
            "unit_cell": {
                "atom_coordinate_units": "lattice",
                "atom_files": {
                    "Ni": "Ni.json",
                    "O": "O.json"
                },
                "atom_types": [
                    "Ni",
                    "O"
                ],
                "atoms": {
                    "Ni": [
                        [
                            0.0,
                            0.0,
                            0.0
                        ]
                    ],
                    "O": [
                        [
                            0.5,
                            0.5,
                            0.5
                        ]
                    ]
                },
                "lattice_vectors": [
                    [
                        0.0,
                        3.9466941443,
                        3.9466941443
                    ],
                    [
                        3.9466941443,
                        0.0,
                        3.9466941443
                    ],
                    [
                        3.9466941443,
                        3.9466941443,
                        0.0
                    ]
                ],
                "lattice_vectors_scale": 1.0
            },
            "vcsqnm": {
                "alpha0": 0.01,
                "eps_subsp": 0.001,
                "forces_tol": 0.0001,
                "initial_step_size": -0.1,
                "lattice_weight": 2.0,
                "nhist_max": 10,
                "num_steps": 300,
                "stress_tol": 1e-05
            }
        },
        "fft_coarse_grid": [
            30,
            30,
            30
        ],
        "mpi_grid": [
            1,
            1
        ],
        "num_atoms": 2,
        "omega": 122.95053125614844
    },
    "counters": {
        "band_evp_work_count": 3463.5464876033166,
        "local_operator_num_applied": 13633
    },
    "git_hash": "9285cf865a0d348862d67a5f48d5415b07f6a67d",
    "ground_state": {
        "band_gap": 0.0,
        "converged": true,
        "efermi": 0.5176430448908242,
        "energy": {
            "bxc": -4.81437024807865e-15,
            "entropy_sum": 0.0,
            "eval_sum": -12.312470345552006,
            "ewald": -119.46280741309053,
            "exc": -21.200017190526847,
            "kin": 57.89013579097372,
            "scf_correction": 1.3731705905684066e-07,
            "total": -187.42526448797906,
            "veff": -70.20260613652572,
            "vha": 124.06323684104642,
            "vloc": -167.53688511117554,
            "vxc": -26.72895786636098
        },
        "etot_history": [
            -179.52000157069043,
            -183.0997785081493,
            -186.7432147582403,
            -187.81138353049468,
            -187.68293188428456,
            -187.58294943117235,
            -187.48279626618358,
            -187.91165357593258,
            -188.36790183556917,
            -189.94292401730277,
            -189.21510523835104,
            -187.19742097845344,
            -187.36886187722905,
            -187.67988611308095,
            -186.95091352125326,
            -187.37578531278243,
            -187.40500157605794,
            -187.4511961271242,
            -187.45789684301445,
            -187.4578386558452,
            -187.40858922072871,
            -187.33239534637545,
            -187.4341088974984,
            -187.44204688877957,
            -187.42927612610407,
            -187.41222829699936,
            -187.42383289775321,
            -187.42532211773346,
            -187.4253409778803,
            -187.42527180531187,
            -187.4252624721546,
            -187.42526449239682,
            -187.42526448797906
        ],
        "num_scf_iterations": 32,
        "rho_min": 0.010090916693947363,
        "rms_history": [
            5.351590393823881,
            7.895062848514196,
            2.527012293492398,
            0.5475494217932204,
            0.3505232685221802,
            0.3881900177447198,
            0.3805209855172903,
            0.8525944074077563,
            1.2961412369518823,
            3.5321603663542906,
            3.9979542922499527,
            3.122087880241435,
            1.4674465402639711,
            1.2375123549242892,
            1.1963952355124547,
            1.2190266846060298,
            0.6972390329607777,
            0.51729632060114,
            0.6868736251660637,
            0.7952522077328117,
            0.667924700654881,
            0.4416129341676191,
            0.07801345925348327,
            0.17070738976855554,
            0.09734074172347201,
            0.01960153874189468,
            0.017856778331274966,
            0.0015830937540286265,
            0.0002636841444288101,
            0.00016542079873785626,
            7.82587007045846e-06,
            1.2014768725072988e-06,
            2.1060270589361628e-07
        ],
        "scf_time": 15.178898566
    },
    "task": 0,
    "threads_per_rank": 4
}