{
    "comm_world_size": 1,
    "context": {
        "chemical_formula": "NiO",
        "config": {
            "control": {
                "beta_chunk_size": 256,
                "cyclic_block_size": 16,
                "fft_mode": "parallel",
                "gen_evp_solver_name": "lapack",
                "gvec_chunk_size": 500000,
                "mpi_grid_dims": [
                    1,
                    1
                ],
                "num_bands_to_print": 10,
                "ortho_rf": false,
                "output": "stdout:",
                "print_forces": false,
                "print_neighbors": false,
                "print_stress": false,
                "processing_unit": "cpu",
                "reduce_gvec": true,
                "rmt_max": 2.2,
                "spglib_tolerance": 1e-06,
                "std_evp_solver_name": "lapack",
                "use_second_variation": true,
                "verbosity": 2,
                "verification": 0
            },
            "hubbard": {
                "constrained_calculation": true,
                "constraint_beta_mixing": 0.4,
                "constraint_error": 1e-06,
                "constraint_max_iteration": 15,
                "constraint_method": "occupation",
                "constraint_strength": 1.0,
                "full_orthogonalization": true,
                "local": [
                    {
                        "U": 6,
                        "atom_type": "Ni",
                        "l": 2,
                        "n": 3,
                        "total_initial_occupancy": 8
                    }
                ],
                "local_constraint": [
                    {
                        "atom_index": 0,
                        "l": 2,
                        "n": 3,
                        "occupancy": [
                            [
                                [
                                    0.9844772394506213,
                                    0.0033761974439078446,
                                    0.001298173410650568,
                                    -0.11393263837006834,
                                    -0.047833820722961204
                                ],
                                [
                                    0.0033761974439078446,
                                    0.9992656777031389,
                                    -0.0002823524679677068,
                                    0.024780327005565622,
                                    0.010403846837904641
                                ],
                                [
                                    0.001298173410650568,
                                    -0.0002823524679677068,
                                    0.9998914333440397,
                                    0.009528222848429843,
                                    0.004000357668009239
                                ],
                                [
                                    -0.11393263837006834,
                                    0.024780327005565622,
                                    0.009528222848429843,
                                    0.16376690572063435,
                                    -0.35108661123461593
                                ],
                                [
                                    -0.047833820722961204,
                                    0.010403846837904641,
                                    0.004000357668009239,
                                    -0.35108661123461593,
                                    0.8525987437815664
                                ]
                            ],
                            [
                                [
                                    0.9999999999999999,
                                    6.573317056229983e-17,
                                    -2.3198491241167815e-17,
                                    7.936212068257761e-18,
                                    -8.293567740407401e-18
                                ],
                                [
                                    6.573317056229983e-17,
                                    1.0,
                                    3.99116502031857e-17,
                                    7.098631440358264e-17,
                                    -5.4507034965138266e-17
                                ],
                                [
                                    -2.3198491241167815e-17,
                                    3.99116502031857e-17,
                                    1.0,
                                    -4.100637595794376e-17,
                                    4.111498836651851e-17
                                ],
                                [
                                    7.936212068257761e-18,
                                    7.098631440358264e-17,
                                    -4.100637595794376e-17,
                                    1.0,
                                    -3.2612355718465296e-18
                                ],
                                [
                                    -8.293567740407401e-18,
                                    -5.4507034965138266e-17,
                                    4.111498836651851e-17,
                                    -3.2612355718465296e-18,
                                    0.9999999999999999
                                ]
                            ]
                        ]
                    }
                ],
                "nonlocal": [],
                "normalize": false,
                "orthogonalize": false,
                "simplified": false
            },
            "iterative_solver": {
                "converge_by_energy": 1,
                "early_restart": 0.5,
                "empty_states_tolerance": 1e-05,
                "energy_tolerance": 0.01,
                "extra_ortho": false,
                "init_eval_old": true,
                "init_subspace": "lcao",
                "locking": true,
                "min_num_res": 0,
                "num_singular": -1,
                "num_steps": 20,
                "relative_tolerance": 0,
                "residual_tolerance": 1e-06,
                "subspace_size": 2,
                "type": "davidson"
            },
            "locked": true,
            "mixer": {
                "beta": 0.7,
                "beta0": 0.15,
                "beta_scaling_factor": 1.0,
                "linear_mix_rms_tol": 1000000.0,
                "max_history": 8,
                "type": "anderson",
                "use_hartree": true
            },
            "nlcg": {
                "T": 300.0,
                "kappa": 0.3,
                "maxiter": 300,
                "processing_unit": "",
                "restart": 10,
                "tau": 0.1,
                "tol": 1e-09
            },
            "parameters": {
                "auto_rmt": 1,
                "aw_cutoff": 0.0,
                "core_relativity": "dirac",
                "density_tol": 1e-06,
                "electronic_structure_method": "pseudopotential",
                "energy_tol": 1e-06,
                "extra_charge": 0,
                "gamma_point": false,
                "gk_cutoff": 7.0710678118654755,
                "hubbard_correction": true,
                "lmax_apw": -1,
                "lmax_pot": -1,
                "lmax_rho": -1,
                "molecule": false,
                "ngridk": [
                    2,
                    2,
                    2
                ],
                "nn_radius": -1,
                "num_bands": 22,
                "num_dft_iter": 100,
                "num_fv_states": -1,
                "num_mag_dims": 1,
                "precision_gs": "auto",
                "precision_hs": "fp64",
                "precision_wf": "fp64",
                "pw_cutoff": 20.0,
                "reduce_aux_bf": 0,
                "shiftk": [
                    0,
                    0,
                    0
                ],
                "smearing": "gaussian",
                "smearing_width": 0.001,
                "so_correction": false,
                "use_ibz": true,
                "use_scf_correction": true,
                "use_symmetry": true,
                "valence_relativity": "zora",
                "vk": [],
                "xc_dens_tre": -1,
                "xc_functionals": [
                    "XC_GGA_X_PBE_SOL",
                    "XC_GGA_C_PBE_SOL"
                ]
            },
            "settings": {
                "always_update_wf": true,
                "auto_enu_tol": 0,
                "fft_grid_size": [
                    60,
                    60,
                    60
                ],
                "fp32_to_fp64_rms": 0,
                "itsol_tol_min": 1e-13,
                "itsol_tol_ratio": 0,
                "itsol_tol_scale": [
                    0.1,
                    0.5
                ],
                "min_occupancy": 1e-14,
                "mixer_rms_min": 1e-16,
                "nprii_aug": 20,
                "nprii_beta": 20,
                "nprii_rho_core": 20,
                "nprii_vloc": 200,
                "radial_grid": "exponential, 1.0",
                "sht_coverage": 0
            },
            "unit_cell": {
                "atom_coordinate_units": "lattice",
                "atom_files": {
                    "Ni": "Ni.json",
                    "O": "O.json"
                },
                "atom_types": [
                    "Ni",
                    "O"
                ],
                "atoms": {
                    "Ni": [
                        [
                            0.0,
                            0.0,
                            0.0
                        ]
                    ],
                    "O": [
                        [
                            0.5,
                            0.5,
                            0.5
                        ]
                    ]
                },
                "lattice_vectors": [
                    [
                        0.0,
                        3.9466941443,
                        3.9466941443
                    ],
                    [
                        3.9466941443,
                        0.0,
                        3.9466941443
                    ],
                    [
                        3.9466941443,
                        3.9466941443,
                        0.0
                    ]
                ],
                "lattice_vectors_scale": 1.0
            },
            "vcsqnm": {
                "alpha0": 0.01,
                "eps_subsp": 0.001,
                "forces_tol": 0.0001,
                "initial_step_size": -0.1,
                "lattice_weight": 2.0,
                "nhist_max": 10,
                "num_steps": 300,
                "stress_tol": 1e-05
            }
        },
        "fft_coarse_grid": [
            30,
            30,
            30
        ],
        "mpi_grid": [
            1,
            1
        ],
        "num_atoms": 2,
        "omega": 122.95053125614844
    },
    "counters": {
        "band_evp_work_count": 1212.8616641622843,
        "local_operator_num_applied": 5733
    },
    "git_hash": "f1d6343d9b59ab525395bf6cf85313461f8b9496",
    "ground_state": {
        "band_gap": 0.0,
        "converged": true,
        "efermi": 0.5321803347440883,
        "energy": {
            "bxc": -1.0502881524197664e-15,
            "entropy_sum": 0.0,
            "eval_sum": -12.312467778989932,
            "ewald": -119.46280741309053,
            "exc": -21.200016835674504,
            "kin": 57.89013895439762,
            "scf_correction": -5.056698626049183e-06,
            "total": -187.4252649511232,
            "veff": -70.20260673338755,
            "vha": 124.0632325249714,
            "vloc": -167.5368818318835,
            "vxc": -26.72895742647557
        },
        "etot_history": [
            -178.32223183407606,
            -185.0512218034136,
            -186.89284612451556,
            -187.43088370872107,
            -187.41559354057617,
            -187.3315695094688,
            -187.46576630766472,
            -187.23675294421452,
            -187.4099369521779,
            -187.42780282704945,
            -187.4266066358239,
            -187.42571458931104,
            -187.42537502226355,
            -187.42541037130093,
            -187.42528319825539,
            -187.42525949237142,
            -187.42526471211292,
            -187.4252649511232
        ],
        "num_scf_iterations": 17,
        "rho_min": 0.010090917691384385,
        "rms_history": [
            5.351590393823517,
            7.825419279495282,
            2.586738085612317,
            0.5926464899332152,
            0.5928793667954232,
            0.5540738015833853,
            0.24346663748070185,
            0.6080276566899111,
            0.10541367711813927,
            0.13662047458936422,
            0.01728464253731734,
            0.012279072447035088,
            0.001410027241551161,
            0.0009004718703906082,
            0.0002989625727847032,
            3.173790590519894e-05,
            3.956642736923819e-06,
            2.1119146681487347e-06
        ],
        "scf_time": 8.028971102
    },
    "task": 0,
    "threads_per_rank": 4
}